임베실: 
  x: -1.135124,
  y: -5.627145
 
도서관: 
  x: -6.749947,
  y: -5.153563
  